(* ::Package:: *)

BeginPackage["Atom`"]           (*\:8fd9\:662f\:7535\:52a8\:529b\:5b66\:4e0e\:539f\:5b50\:7269\:7406\:91cc\:9762\:7684\:5e38\:6570*)
c::usage="\:771f\:7a7a\:4e2d\:5149\:901f";
\[Epsilon]::usage="\:771f\:7a7a\:4ecb\:7535\:5e38\:6570";
\[Mu]::usage="\:771f\:7a7a\:78c1\:5bfc\:7387";
e::usage="\:5143\:7535\:8377";
Me::usage="\:7535\:5b50\:9759\:6b62\:8d28\:91cf";
Mp::usage="\:8d28\:5b50\:9759\:6b62\:8d28\:91cf";
M\[Mu]::usage="\:539f\:5b50\:8d28\:91cf\:5355\:4f4d";
re::usage="\:7ecf\:5178\:7684\:7535\:5b50\:534a\:5f84";
a::usage="\:73c0\:5c14\:534a\:5f84";
\[Mu]B::usage="\:73c0\:5c14\:78c1\:5b50";
\[Mu]e::usage="\:7535\:5b50\:78c1\:77e9";
\[Mu]p::usage="\:8d28\:5b50\:78c1\:77e9";
\[Mu]N::usage="\:6838\:78c1\:77e9";
G::usage="\:5f15\:529b\:5e38\:6570";
h::usage="\:666e\:6717\:514b\:5e38\:6570";
k::usage="\:6cca\:5c14\:5179\:66fc\:5e38\:6570";
Na::usage="\:963f\:4f0f\:4f3d\:5fb7\:7f57\:5e38\:6570";
\[Sigma]::usage="\:65af\:7279\:85e9-\:6cca\:5c14\:5179\:66fc\:5e38\:6570";
c=2.99792458*10^8;
\[Epsilon]=8.854187817*10^-12;
e=1.60217653*10^-19;
Me=9.1093826*10^-31;
Mp=1.672621171*10^-27;
\[Mu]=4*Pi*10^-7;
M\[Mu]=1.66053886*10^-27;
re=2.817940325*10^-15;
a=5.291772108*10^-11;
\[Mu]B=9.27400949*10^-24;
\[Mu]e=-9.28476412*10^-24;
\[Mu]p=1.41060671*10^-26;
\[Mu]N=5.05078343*10^-27;
G=6.6742*10^-11;
h=6.6260693*10^34;
k=1.3806505*10^-23;
Na=6.0221415*10^23;
\[Sigma]=5.670400*10^-8;
EndPackage[];
